T (0, 100) 255 255 255 (0, 0) 255 255 255 (100, 0) 255 255 255
T (0, 100) 255 255 255 (100, 100) 255 255 255 (100, 0) 255 255 255
T (40, 95) 193 255 255 (50, 80) 193 255 255 (60, 95) 193 255 255
T (40, 95) 193 255 255 (30, 80) 193 255 255 (50, 80) 193 255 255
T (60, 95) 193 255 255 (70, 80) 193 255 255 (50, 80) 193 255 255
T (30, 80) 193 255 255 (40, 65) 193 255 255 (50, 80) 193 255 255
T (70, 80) 193 255 255 (60, 65) 193 255 255 (50, 80) 193 255 255
T (40, 65) 193 255 255 (60, 65) 193 255 255 (50, 80) 193 255 255
T (43, 65) 193 255 255 (57, 65) 193 255 255 (50, 53) 193 255 255
T (43, 65) 193 255 255 (35, 53) 193 255 255 (50, 53) 193 255 255
T (57, 65) 193 255 255 (65, 53) 193 255 255 (50, 53) 193 255 255
T (35, 53) 193 255 255 (43, 41) 193 255 255 (50, 53) 193 255 255
T (65, 53) 193 255 255 (57, 41) 193 255 255 (50, 53) 193 255 255
T (43, 41) 193 255 255 (57, 41) 193 255 255 (50, 53) 193 255 255
T (46, 41) 193 255 255 (54, 41) 193 255 255 (50, 32) 193 255 255
T (46, 41) 193 255 255 (40, 32) 193 255 255 (50, 32) 193 255 255
T (54, 41) 193 255 255 (60, 32) 193 255 255 (50, 32) 193 255 255
T (40, 32) 193 255 255 (46, 23) 193 255 255 (50, 32) 193 255 255
T (60, 32) 193 255 255 (54, 23) 193 255 255 (50, 32) 193 255 255
T (46, 23) 193 255 255 (54, 23) 193 255 255 (50, 32) 193 255 255
L (42, 23) (58, 23) 0 0 0
T (46, 23) 0 0 0 (46, 15) 0 0 0 (54, 15) 0 0 0
T (54, 23) 0 0 0 (54, 15) 0 0 0 (46, 15) 0 0 0
T (50, 34) 254 103 0 (50, 32) 254 103 0 (53, 33) 254 103 0
T (54, 29) 0 0 0 (54, 27) 0 0 0 (52, 27) 0 0 0
T (52, 27) 0 0 0 (52, 29) 0 0 0 (54, 29) 0 0 0
T (48, 29) 0 0 0 (48, 27) 0 0 0 (46, 27) 0 0 0
T (46, 27) 0 0 0 (46, 29) 0 0 0 (48, 29) 0 0 0
L (35, 53) (30, 46) 102 51 0
L (65, 53) (70, 46) 102 51 0
L (30, 46) (28, 46) 102 51 0
L (30, 46) (28, 44) 102 51 0
L (30, 46) (28, 48) 102 51 0
L (70, 46) (72, 46) 102 51 0
L (70, 46) (72, 44) 102 51 0
L (70, 46) (72, 48) 102 51 0
T (41, 43) 255 51 204 (41, 39) 255 51 204 (59, 43) 255 51 204 
T (59, 43) 255 51 204 (59, 39) 255 51 204 (41, 43) 255 51 204 
T (59, 43) 255 51 204 (63, 52) 255 51 204 (59, 39) 255 51 204 
T (59, 39) 255 51 204 (67, 48) 255 51 204 (63, 52) 255 51 204 
T (49, 54) 0 0 0 (49, 52) 0 0 0 (51, 52) 0 0 0
T (51, 52) 0 0 0 (51, 54) 0 0 0 (49, 54) 0 0 0
T (49, 49) 0 0 0 (49, 47) 0 0 0 (51, 47) 0 0 0
T (51, 47) 0 0 0 (51, 49) 0 0 0 (49, 49) 0 0 0 
L (48, 38) (52, 38) 0 0 0 
L (48, 38) (45, 37) 0 0 0
L (52, 38) (55, 37) 0 0 0
L (12, 10) (12, 2) 255 0 0
L (12, 10) (16, 10) 255 0 0
L (19, 10) (19, 2) 255 0 0
L (19, 10) (23, 10) 255 0 0
L (19, 2) (23, 2) 255 0 0
L (19, 6) (21, 6) 255 0 0
L (26, 10) (26, 2) 255 0 0
L (24, 2) (28, 2) 255 0 0
L (38, 10) (42, 10) 0 162 73
L (38, 2) (42, 2) 0 162 73
L (40, 10) (40, 2) 0 162 73
L (45, 2) (49, 2) 0 162 73
L (47, 10) (47, 2) 0 162 73
L (59, 10) (63, 10) 255 0 0
L (63, 10) (63, 6) 255 0 0
L (63, 6) (59, 6) 255 0 0
L (59, 6) (59, 2) 255 0 0
L (59, 2) (63, 2) 255 0 0
L (67, 10) (67, 2) 255 0 0
L (67, 2) (70, 10) 255 0 0
L (70, 10) (70, 2) 255 0 0
L (73, 10) (77, 10) 255 0 0
L (73, 10) (73, 2) 255 0 0
L (73, 2) (77, 2) 255 0 0
L (77, 10) (77, 2) 255 0 0
L (80, 2) (83, 10) 255 0 0
L (83, 10) (84, 6) 255 0 0
L (84, 6) (85, 10) 255 0 0
L (85, 10) (88, 2) 255 0 0